S1 12 12 0 63 86 19 90
S2 3 2 24 77 9 9 1
S3 5 2 45 123 9 9 2
S4 5 2 1708 74 9 9 1
S5 4 2 194 250 9 9 2
S6 6 5 150  9 9 0
S7 6 5 126  9 9 0
S8 1 1 12 163 9 9 1159
S9 12 12 0 353 351 47 333
S10 8 6 5182  9 9 
S11 7 2 39 100 9 9 3
S12 7 4 87 1480 9 9 393
S13 10 4 52 212 9 9 28
S14 5 3 29 5500 9 9 1620
C1 8 3 67 3512 9 9 1000
C2 8 5 3705 1306 9 9 4
C3 30 18 130 9213 9 9 9
C4 12 2 30 2976 9 9 50
C5 16 5 435 163 9 9 0
C6 9 2 1695  9 9 
C7 9 2 23 541 9 9 112
C8 11 2 3356 2945 9 9 3073
C9 24 13 5717 206229 9 9 0
C10 6 6 121 23 9 9 0
