S1 12 12 0 66 86 19 90
S2 3 2 98 12 9 9 1
S3 5 2 50 43 9 9 2
S4 5 2 1610 30 9 9 1
S5 4 2 257 44 9 9 2
S6 6 5 136 7585 9 9 11
S7 0 0 -1  9 9 9
S8 1 1 8 97 9 9 1159
S9 12 12 0 140 351 47 333
S10 0 0 -1  9 9 2
S11 7 2 59 19 9 9 3
S12 7 4 3709 1437 9 9 393
S13 10 4 38 110 9 9 28
S14 5 3 16 5681 9 9 1620
C1 8 3 57 3539 9 9 1000
C2 0 0 -1  9 9 8
C3 30 18 175 8418 9 9 9
C4 12 2 26 12475 9 9 50
C5 0 0 -1  9 9 6
C6 9 2 4230  9 9 9
C7 9 2 32 572 9 9 112
C8 11 2 3490 2861 9 9 3073
C9 0 0 -1  9 9 6
C10 6 6 94 796 15 99 0
L1 0 0 1 560 9 63 0
L2 0 0 1 476 9 45 0
