S1 12 12 139 128 86 19 90
S2 3 2 144 115 9 9 1
S3 5 2 3448 176 9 9 2
S4 5 2 1941 194 9 9 1
S5 4 2 575 374 9 9 2
S6 6 5 6459 3159 9 9 11
S7 6 5 -1 2000070.00 9 9 0
S8 1 1 243 205 9 9 1159
S9 12 12 286 269 351 47 333
S10 8 6 -1  9 9 
S11 7 2 174 126 9 9 3
S12 7 4 -1 2000030.00 9 9 0
S13 10 4 317 260 9 9 28
S14 5 3 5589 5550 9 9 1620
C1 8 3 3877 3816 9 9 1000
C2 8 5 1315 1248 9 9 4
C3 30 18 12193 8861 9 9 9
C4 12 2 6320 6255 9 9 50
C5 16 5 4003 210 9 9 0
C6 9 2 -1  9 9 
C7 9 2 595 547 9 9 112
C8 11 2 3045 3006 9 9 3073
C9 24 13 -1 2004390.00 9 9 0
C10 6 6 3418 66 9 9 0
ch1 0 0 -1 2000040.00 9 9 0
ch2 10 5 174808 174699 9 9 0
ch3 0 0 -1 2000030.00 9 9 0
ch4 12 5 -1  9 9 
ch5 0 0 -1 2000020.00 9 9 0
ch6 0 0 -1 2000050.00 9 9 0
ch7 0 0 -1 2000060.00 9 9 0
ch8 0 0 -1 2000110.00 9 9 0
