S1 12 12 196 181 86 19 90
S2 3 2 595 16 9 9 1
S3 5 2 7576 51 9 9 2
S4 5 2 11563 25 9 9 1
S5 4 2 4713 44 9 9 2
S6 6 5 -1  9 9 13
S7 6 5 -1  9 9 13
S8 1 1 303 62 9 9 1159
S9 12 12 207 195 351 47 333
S10 0 0 -1  0 0 2
S11 7 2 8290 18 0 0 3
S12 7 4 15517 1187 0 0 393
S13 10 4 11334 93 0 0 28
S14 5 3 12468 5298 0 0 1620
C1 8 3 15823 2985 0 0 1000
C2 0 0 -1  0 0 8
C3 30 18 192818 12681 0 0 9
C4 12 2 175227 74 0 0 50
C5 0 0 -1  0 0 6
C6 9 2 -1  0 0 9
C7 9 2 49739 606 0 0 112
C8 11 2 10689 2883 0 0 3073
C9 0 0 -1  0 0 7
C10 6 6 245 115 0 0 0
ch1 0 0 -1  0 0 0
ch2 0 0 -1  0 0 2
ch3 0 0 -1  0 0 0
ch4 0 0 -1  0 0 3
ch5 0 0 -1  0 0 0
ch6 0 0 -1  0 0 0
ch7 0 0 -1  0 0 0
